wp00[0,0,0]
wp01[-2.5,2.5,0]
wp02[2.5,2.5,0]
wp03[-2.5,-2.5,0]
wp04[2.5,-2.5,0]
wp05[3,0,0]
wp06[-0.7385196990981857,1.444068289776233,0.0]
wp07[0.6464198595076152,-1.8156984009474335,0.0]
wp08[0.1845530350615201,0.9918873256527969,0.0]
wp09[2.530307194313261,-1.823109183931024,0.0]
wp10[1.8142893419416959,2.314981564229033,0.0]
wp11[-2.8674695492806,0.5532616651406004,0.0]
wp12[0.19594099019647349,1.446325757000805,0.0]
wp13[-0.8934549651431842,-1.6690503822907234,0.0]
wp14[-2.7419395346772943,1.8068878743834365,0.0]
wp15[2.3644875279056983,0.5417924512959376,0.0]
wp16[-2.52198525071302,0.8906321621162929,0.0]
wp17[0.5845068923391556,0.05437935905006741,0.0]
wp18[-1.5590865386131896,0.3118553039868859,0.0]
wp19[-1.158934909339947,2.3471155718033483,0.0]
wp20[0.6501640765394763,1.143675217579224,0.0]
wp21[-0.08674589117070752,-0.5551131724620504,0.0]
wp22[1.126663115599544,0.1971707167543144,0.0]
wp23[0.9521045663631473,-1.0066870410180315,0.0]
wp24[0.29826003052541417,1.5172556736620955,0.0]
wp25[1.2696366395855465,2.424370690644074,0.0]
wp26[-0.22317396131537892,-0.5332321727342375,0.0]
wp27[-0.386578598756111,-0.26968378570948603,0.0]
wp28[0.0402388327198091,-2.0693740602112296,0.0]
wp29[0.16281857099921648,-2.99950507464105,0.0]
wp30[-0.9193094108095492,-1.4222588496657105,0.0]
