wp00[0,0,0]
wp01[-2.5,2.5,0]
wp02[2.5,2.5,0]
wp03[-2.5,-2.5,0]
wp04[2.5,-2.5,0]
wp05[3,0,0]
wp06[0.9683866724014019,-2.553226147590239,0.0]
wp07[2.1114411436095812,-0.3765218752847357,0.0]
wp08[-1.4536581039425538,2.4602721474144627,0.0]
wp09[1.7117772102342181,-2.0653522713822023,0.0]
wp10[-0.8812374254752582,1.5200573591463291,0.0]
wp11[2.6501201668007184,1.9191828301750569,0.0]
wp12[0.09953714379898093,-1.7840120660183338,0.0]
wp13[-0.14849135906352284,2.928506674591307,0.0]
wp14[1.0060099196441605,-1.2789293744505597,0.0]
wp15[0.7891254111477743,-2.0955046186549753,0.0]
wp16[1.81340720058932,-1.7131894406925767,0.0]
wp17[0.7777705140569964,-0.9417641646028478,0.0]
wp18[2.484451686701208,0.6199999723987366,0.0]
wp19[0.5784517134904341,-0.7707621235636042,0.0]
wp20[-1.8702913460830382,-2.1802742851036014,0.0]
wp21[0.0030522621749247136,-0.932196783761869,0.0]
wp22[0.1170799136900893,-1.6983937290797537,0.0]
wp23[-1.3826753700930703,2.996738223422083,0.0]
wp24[-1.4422353521790405,0.2628299674381509,0.0]
wp25[2.4069698686517533,-1.9422831967666978,0.0]
wp26[0.7490026605855276,-1.9177449323980362,0.0]
wp27[0.6743368081789058,-1.6607910183383645,0.0]
wp28[-1.598139057980844,1.4548051850373112,0.0]
wp29[0.949840816164742,2.381037921839435,0.0]
wp30[-1.9277274500263042,1.6165443956889813,0.0]
